2.72110026617
2.72061250294
2.72027877532
2.71871744928
2.72101670115
2.71924605795
2.7206926407
2.72058245558
2.72091644709
2.72056242532
2.72031880734
2.71990201158
2.7203888734
2.71968545633
2.72020205895
2.72000533477
2.72061584168
2.72135441543
2.71721539267
2.72132431004
2.71979205289
2.72075609495
2.71982537038
2.72062251924
2.71916622132
2.71882710069
2.71977206378
2.7192859825
2.72085964805
2.71780158929
2.71944239359
2.71841191973
2.717493476
2.71886698169
2.72053238188
2.71882377746
2.72033215227
2.72056576362
2.71948566748
2.71992867297
2.71999866792
2.72080285741
2.72032214353
2.7216422081
2.71975540699
2.72020872933
2.72119388057
2.71820615646
2.72062919693
2.71929596428
2.72098662218
2.71878390094
2.71944572218
2.71916289515
2.71892681096
2.72004533831
2.72174600015
2.72051235422
2.72029211887
2.72019538868
2.71962217862
2.72044226565
2.72126076195
2.71879386968
2.72145478377
2.72010868577
2.7215819546
2.72007200965
2.71925271176
2.72039554703
2.71948899644
2.71969211775
2.71954892271
2.71795739663
2.71974874447
2.72016537392
2.71995866924
2.72077613531
2.72037886318
2.71982537038
2.7202454185
2.71972542658
2.71966547277
2.71838204402
2.72108020891
2.72034549767
2.7194357365
2.72088303488
2.72016203909
2.7204122316
2.7210367551
2.71923940427
2.71974874447
2.72063253581
2.71990201158
2.72022540579
2.7206926407
2.71951229999
2.721374487
2.71826920122
2.71822274618
2.71905647304
2.71936917196
2.7209598873
2.72012535788
2.72037886318
2.72097325451
2.72046228965
2.71950231258
2.72040555768
2.71936917196
2.71955225222
2.71965548138
2.72060248689
2.72052904386
2.7203755265
2.72048898994
2.72054907239
2.72072603637
2.72008201188
2.71606547661
2.71904317235
2.7199653354
2.72004867213
2.72095654557
2.71963549938
2.72019205359
2.72020872933
2.71967879503
2.72090976441
2.72053571992
2.71987868438
2.71910635474
2.72033548858
2.71995866924
2.7189201628
2.71947235192
2.72043892841
2.72058913257
2.71968212567
2.72063253581
2.72009201437
2.7201987238
2.72019538868
2.71948233855
2.7196188485
2.71998533457
2.7199653354
2.71814312205
2.72076945507
2.72006534164
2.71983536619
2.7197887213
2.71908640128
2.71972875762
2.72061918045
2.71972875762
2.7203755265
2.71818624974
2.71844511768
2.72015870429
2.7200753437
2.72014203073
2.7204489402
2.72015870429
2.71990201158
2.72068930129
2.71834885152
2.71821942818
2.71868754979
2.71988201675
2.71855137045
2.71888027628
2.71959553849
2.72068930129
2.72118384936
2.72021539983
2.72043559121
2.72029211887
2.72096657085
2.72078281566
2.72005200597
2.72037886318
2.71836212818
2.72021539983
2.71981537483
2.71968212567
2.72080285741
2.71981537483
2.7203755265
2.71907642494
2.72016870878
2.72059247111
2.72033215227
2.71888027628
2.72061584168
2.72015870429
2.71853476651
2.72040889463
2.72142467052
2.72037218985
2.72021206456
2.71962883894
2.72021873512
2.71951562918
2.7214882457
2.71799387132
2.71889689516
2.71969211775
2.7203755265
2.71908640128
2.72040889463
2.72047897712
2.71945237944
2.71845507763
2.71791761002
2.72031880734
2.71984536226
2.72088971709
2.71974874447
2.72022207044
2.72056910196
2.71908640128
2.72127079516
2.72157191327
2.7196488206
2.71847167812
2.72056242532
2.7209498622
2.72139121411
2.72056576362
2.72026209655
2.71960885832
2.72120056818
2.71962550877
2.71833225634
2.71884039389
2.7201820485
2.72083960334
2.72040222077
2.71990534415
2.71990867675
2.72067260469
2.72009534859
2.72022540579
2.72023207658
2.72016203909
2.72011868895
2.71902987212
2.72051902999
2.72102338568
2.72048565231
2.71781816153
2.72066926546
2.71994533728
2.71966880329
2.71995866924
2.7196188485
2.71893678341
2.71876064155
2.720539058
2.71945237944
2.71927932812
2.71908640128
2.71977539523
2.72001200174
2.7201220234
2.72008868018
2.72066926546
2.71747360622
2.72136779636
2.72185986879
2.72122397575
2.72004200453
2.7187573189
2.71912630923
2.71957222989
2.72078281566
2.71988201675
2.71852812514
2.72003533704
2.71946569431
2.71807678122
2.72144809173
2.71967879503
2.71956224093
2.72021873512
2.72003867077
2.71985869076
2.71770217087
2.71997866806
2.71933256637
2.72051569209
2.71956224093
2.72086298894
2.7197121027
2.71985535859
2.72006867563
2.71952228766
2.71957222989
2.72042224269
2.71822606421
2.7204155686
2.72002533602
2.72028878294
2.71839864135
2.71829243085
2.71940245279
2.7216321652
2.71784136387
2.72025876088
2.72062585807
2.72023207658
2.71976540098
2.71980204783
2.7205423961
2.71940245279
2.71825592778
2.71910302909
2.72047563956
2.71818956745
2.71817629676
2.72020205895
2.72110360915
2.71945903682
2.71857129611
2.72063253581
2.72042224269
2.72076945507
2.71985202645
2.71979538451
2.72074941506
2.72022540579
2.72031547118
2.72099999032
2.72004533831
2.721250729
2.72068596192
2.7200753437
2.71810663318
2.71953893435
2.71961551841
2.71912298341
2.72002866967
2.71974208207
2.71919615811
2.71904317235
2.71869751603
2.7196488206
2.72112032448
2.72076277495
2.71869087184
2.7187473511
2.72104343998
2.72097993829
2.71928265529
2.71961218835
2.71919283169
2.71951562918
2.72063587473
2.717493476
2.71963882964
2.71777838935
2.72051235422
2.71877725526
2.71985202645
2.71597970166
2.71914959078
2.71999200119
2.72151501734
2.71877393246
2.71822274618
2.71894343186
2.72066258708
2.71915291683
2.71975873829
2.71971543362
2.72130424109
2.71668296255
2.71864768742
2.71939246823
2.71981204304
2.72062251924
2.71879386968
2.71935253262
2.71988534915
2.71963216914
2.72097659639
2.71953893435
2.72072269667
2.72068596192
2.72033548858
2.71901989725
2.71983869819
2.71884039389
2.72092312988
2.72063921367
2.72068930129
2.71870083817
2.7203888734
2.71957888935
2.71926269267
2.7207026591
2.71847167812
2.71953560495
2.72073271585
2.719432408
2.71976873237
2.71910968041
2.71877060969
2.71989867903
2.71997866806
2.72071601736
2.71992867297
2.7194091093
2.71990867675
2.72087301178
2.71869751603
2.71794081837
2.71800050345
2.71911633185
2.72004867213
2.71878722382
2.71846503784
2.71940245279
2.718541408
2.71951229999
2.7204823147
2.71970544093
2.7203755265
2.72025208963
2.71944572218
2.72111363826
2.71820947435
2.71910635474
2.72047897712
2.720766115
2.72049566531
2.72072269667
2.71953893435
2.72011202013
2.72033215227
2.71965548138
2.72056576362
2.71925936567
2.72114038384
2.71912298341
2.71910635474
2.71926601971
2.72033215227
2.71994533728
2.71863107932
2.72084962557
2.72023541201
2.7187473511
2.72020872933
2.72046228965
2.72035884353
2.71945570811
2.71995866924
2.71988201675
2.72081955967
2.72053571992
2.72081621916
2.71892681096
2.71799718737
2.71965548138
2.7201353615
2.71920281105
2.7192194439
2.71894675612
2.72020539412
2.72039554703
2.72094317895
2.72025876088
2.71954559323
2.71971543362
2.72052236792
2.71995866924
2.72080619781
2.72087301178
2.71936917196
2.71944572218
2.71995866924
2.72000200133
2.72066926546
2.72085964805
2.72060248689
2.71907642494
2.71991867473
2.71754646712
2.72031880734
2.72029211887
2.71878390094
2.71869087184
2.72051569209
2.72162547007
2.72005200597
2.71924938484
2.71622718159
2.72102672799
2.72063587473
2.72054907239
2.72040555768
2.71966547277
2.71918950529
2.71997866806
2.72011868895
2.71918950529
2.72020205895
2.71927932812
2.71763590623
2.72034883409
2.71938914011
2.72060582555
2.72021206456
2.71835217064
2.72008868018
2.72099664824
2.71940245279
2.71900992264
2.72031880734
2.71999533454
2.72028211117
2.71967546442
2.72058245558
2.71841523939
2.7192427311
2.71988201675
2.72000200133
2.71736765143
2.72042224269
2.7195922086
2.71882377746
2.71923940427
2.7200753437
2.71928265529
2.72062919693
2.71895340474
2.71882377746
2.71878722382
2.71980871127
2.71904982264
2.71985869076
2.72001533527
2.72014203073
2.71836544741
2.72068930129
2.71949898351
2.71897335129
2.71915624291
2.71930261895
2.71827915661
2.71965548138
2.71951229999
2.71945237944
2.72028544704
2.71947235192
2.72115710077
2.71977539523
2.71949898351
2.71927600097
2.72034216128
2.71993200577
2.72063253581
2.72087301178
2.72038553663
2.71901657235
2.72017537858
2.72121394376
2.72065256973
2.71948233855
2.72009868284
2.71953893435
2.71988201675
2.72108689455
2.71980871127
2.72119388057
2.71920281105
2.71875067367
2.71950897083
2.71912630923
2.71919615811
2.72065924794
2.71699703998
2.71882710069
2.71945570811
2.71890021902
2.71895340474
2.72056910196
2.71884704067
2.7195922086
2.72003200334
2.7203755265
2.71951895841
2.71889357133
2.72132096514
2.72057244032
2.7198220385
2.71991867473
2.71962883894
2.71932591119
2.71992867297
2.71929596428
2.71997866806
2.71986202296
2.72032547975
2.71908972678
2.72054907239
2.71989867903
2.71993867147
2.71923940427
2.72020872933
2.71932591119
2.72014536538
2.71882710069
2.7198220385
2.71999533454
2.71998866786
2.72038219989
2.71886365811
2.72079617671
2.72133768992
2.72004867213
2.72033882491
2.72081955967
2.71931260116
2.7197121027
2.72123735214
2.72093983736
2.72020539412
2.72027543951
2.72070933817
2.72135441543
2.71926601971
2.72057577871
2.71919283169
2.72045895224
2.71818956745
2.71736103022
2.71992867297
2.71796071237
2.72049566531
2.71866761809
2.71973541979
2.72098662218
2.71955891133
2.71831898072
2.72036885322
2.72056910196
2.71966880329
2.71934920484
2.71987868438
2.71991200938
2.71898332495
2.71934254937
2.72030212683
2.72038219989
2.71859454403
2.71991534204
2.7201386961
2.71938581201
2.72074941506
2.72006534164
2.72052236792
2.71956557055
2.72054573423
2.72036551663
2.72052236792
2.72022540579
2.71956890021
2.7184019609
2.71979538451
2.71912630923
2.72033882491
2.71881048482
2.72010868577
2.71815639159
2.72046896455
2.7196954485
2.72081955967
2.7194690231
2.71913296095
2.71807678122
2.72094652056
2.72049566531
2.72031213505
2.7201987238
2.72115710077
2.72016203909
2.71783473449
2.72097325451
2.72057911713
2.72095320387
2.72003533704
2.7201353615
2.71907975036
2.72016537392
2.72067928325
2.71999866792
2.7202454185
2.71801376806
2.71954892271
2.72002200241
2.71994867023
2.71985202645
2.72106349532
2.7197021101
2.71892681096
2.72012535788
2.71874070605
2.71815970905
2.72120391203
2.72005533985
2.72019205359
2.7197887213
2.71848163875
2.72005200597
2.72030212683
2.72076945507
2.71997200167
2.71991867473
2.71963549938
2.71926934677
2.71936917196
2.72067928325
2.71994533728
2.71971876458
2.71985869076
2.72023541201
2.7206993196
2.72058245558
2.72044226565
2.71828911225
2.71942242267
2.72006534164
2.71864104409
2.71990534415
2.71893013508
2.72072937609
2.72017204367
2.72090976441
2.72115375732
2.72066592626
2.72114707052
2.71783473449
2.71977206378
2.7202454185
2.71977539523
2.7206993196
2.7191396128
2.7201286924
2.72043225404
2.72088303488
2.72085296637
2.71976873237
2.71980871127
2.71998533457
2.72007200965
2.71974541326
2.72019205359
2.72021539983
2.72026543225
2.72074607516
2.72106683798
2.7192427311
2.72065256973
2.71809004847
2.71919283169
2.71775519082
2.72005867375
2.71992200745
2.71953560495
2.71960885832
2.71981204304
2.71993867147
2.71729482448
2.71831566189
2.7198220385
2.72029211887
2.71955891133
2.71932591119
2.72061918045
2.71916289515
2.71721539267
2.72131762027
2.71988534915
2.720719357
2.71974874447
2.7197887213
2.71963216914
2.72033548858
2.72043559121
2.72033882491
2.7209598873
2.72077947547
2.72015203478
2.71983203423
2.71891351476
2.71967879503
2.72130758584
2.72059580967
2.7194091093
2.72043559121
2.71846503784
2.71922277055
2.71953560495
2.71979538451
2.71945570811
2.72067594396
2.71992200745
2.72041890563
2.71965215097
2.7197021101
2.71983203423
2.72052570588
2.72078949613
2.72141128761
2.7204122316
2.72029879081
2.71686145922
2.71988868157
2.72020872933
2.71837208597
2.71722532075
2.71922942395
2.72080619781
2.72062585807
2.71873073869
2.71851484274
2.72050567857
2.72103007033
2.72021206456
2.72117381842
2.71993200577
2.72011868895
2.71937582789
2.72152171054
2.71904649748
2.71704334683
2.72111698136
2.71844511768
2.71913628686
2.72057244032
2.72123735214
2.72021873512
2.71912963508
2.7201987238
2.71905979829
2.71760940358
2.71926601971
2.72083626266
2.72068596192
2.71854472879
2.7210200434
2.72037218985
2.71893013508
2.72114372717
2.72017871353
2.72067594396
2.72005867375
2.72096991267
2.71918285258
2.7197021101
2.72130089636
2.72040889463
2.72091310574
2.72006534164
2.72143805389
2.72060248689
2.7204155686
2.72076945507
2.72008534602
2.72075275499
2.72095654557
2.72170581926
2.72057577871
2.7189899742
2.71974208207
2.71946236555
2.72025876088
2.72092647132
2.71990201158
2.71963882964
2.71958554892
2.72077947547
2.72072603637
2.71950231258
2.71911300612
2.72015536952
2.71872409393
2.71829906815
2.72087301178
2.71983869819
2.71929263699
2.71964549025
2.71773530748
2.71999200119
2.7207026591
2.72058913257
2.71930927373
2.71973208869
2.72015203478
2.71962883894
2.720328816
2.7210200434
2.72148489938
2.71956557055
2.71891351476
2.72061584168
2.71908640128
2.71975873829
2.71894343186
2.72112032448
2.72011868895
2.71837208597
2.72057911713
2.72004200453
2.72146482204
2.71974541326
2.72080619781
2.72042224269
2.72100667457
2.7201353615
2.72063921367
2.71986202296
2.72017204367
2.71980204783
2.71827915661
2.72042891689
2.71990867675
2.72045227752
2.71941576593
2.7209598873
2.71753653073
2.72027877532
2.71966214228
2.71717237398
2.72067928325
2.7205423961
2.72051569209
2.71876064155
2.72087635278
2.71920281105
2.71900992264
2.71932258364
2.71922277055
2.72047897712
2.7216053854
2.72000533477
2.72028544704
2.71870748253
2.72027543951
2.72119053681
2.71966214228
2.72107686614
2.71756634067
2.7201353615
2.71904982264
2.71866761809
2.72074607516
2.72058245558
2.72114707052
2.72043892841
2.72035550702
2.719432408
2.72064255264
2.72014203073
2.7194124376
2.71971876458
2.72013202693
2.71924605795
2.71858790163
2.72136445109
2.71869751603
2.71991534204
2.71863440088
2.7197087718
2.72001533527
2.72102338568
2.71750672309
2.71979205289
2.71922942395
2.72042557977
2.72033548858
2.72078949613
2.7219369167
2.72011868895
2.71907975036
2.71954226377
2.71857129611
2.71935918827
2.72014870007
2.71905314783
2.72035217054
2.71874070605
2.71979205289
2.71880051565
2.71856465411
2.72031880734
