1.92593588603
1.97055202712
1.97752844242
1.9855990727
2.01167560241
1.96315865564
1.94190951879
2.01704663175
2.01712188193
1.98901953601
1.99325235353
1.95783885188
1.97409145185
2.05430333306
2.0223471774
1.95359868375
1.97604106092
2.04693792684
1.99879503309
1.96267743185
1.98014089382
1.94718128236
1.97273178783
2.01928694629
1.92707691179
2.00102669907
2.00293610921
2.03173842044
1.95482811976
1.9890046517
2.02250027752
2.03888794234
2.04343304546
2.01989433342
1.97715480393
2.02125416492
1.98196395453
2.02900345939
1.99395071914
2.02760522577
2.06122297987
1.95115372381
1.94145823155
2.04720955841
2.03508694561
1.99902524654
1.94460758416
2.00093073707
2.03198485183
2.02946242197
2.04784114597
2.04322766195
1.99455065778
2.03709782831
2.06105691024
2.06488209683
2.00380517796
2.00339270897
1.95729987106
2.0509084752
1.99070124488
2.00982419262
1.97106952398
1.97135480983
1.96879450351
1.96985399147
1.96029372039
2.01029858438
1.98541566181
2.01133528195
1.97097933715
1.98129211704
2.01674619104
2.02326827919
2.01246790064
2.04355944444
2.00829608189
2.00587238367
2.06440022806
2.04820777025
2.03545701493
1.97710203844
1.96727265359
2.03327289552
1.92203532646
1.98704534435
2.02159212558
2.05373971792
1.99672255464
1.96285256592
1.97979056098
1.96648919116
2.01757015043
1.97495750387
1.99777617743
2.05397356974
2.03184062424
1.98647862015
1.9869527469
1.99561281706
1.99322594744
1.95142811764
2.03498397215
1.89881665693
1.96922115925
1.95892206255
1.96875075237
1.99579630225
1.99885753328
1.95447872546
1.98756230484
2.00894223528
2.03615177149
2.00868692256
1.96419890467
2.00819937793
2.03237434969
2.00381784052
1.99442523168
2.06372389236
1.98879417296
1.98250878798
2.03520651979
2.06689053971
2.0235648948
1.99668147119
1.99008884715
1.97171028443
2.06414245836
1.984892311
2.00456737593
1.98276750574
2.03046120131
1.98722108525
2.08383562115
1.9762087776
2.08367174948
2.03349547962
2.02589461108
1.98557410254
2.01488594367
1.93142758399
2.0263513091
2.02307715917
2.00800489396
1.96331406936
2.04636831245
2.01269810576
2.00708785479
2.01063310198
2.06060119498
1.88638856009
1.95221100733
2.05206528239
2.00271592181
1.97804615151
2.03993073764
2.0390929665
2.03708011593
1.9454755898
2.03656534514
2.04405975953
1.99288968367
2.00031986846
2.01727308184
2.00512146698
2.0575083748
1.95169077818
1.92627395583
1.9016097442
1.99450629861
1.96256890008
1.93907272465
1.99592107861
2.02959263875
2.01120836383
1.98478897896
2.03621012961
1.94109457171
1.99119226731
2.04084318439
1.99531518696
1.89925021306
1.99388422126
2.00885308396
1.99671256839
1.92927248625
1.97910605681
1.99426741916
2.03227858171
1.98637781475
1.99840171072
1.9202507555
1.98882666845
1.99716753743
1.98462001865
1.97760486936
2.00594134041
2.05160738526
2.01501586224
2.0601719145
1.99695093342
1.99169051172
2.01663055054
2.00918004344
2.01233667801
1.96524242262
2.01150278864
2.01997875032
1.91412369255
2.00731384989
1.89928840564
2.02314576446
1.9560499045
1.98543600317
2.02023946969
1.9922217489
1.99633598397
1.99179822092
1.9305944236
1.95553547178
2.01912085919
1.99547686246
1.94853947662
2.04164491145
2.03341902598
1.95362424022
2.05486242004
2.01862112106
2.01708409762
2.00998816471
2.01916055783
1.93380397545
2.02372909719
2.02176065587
1.98194953657
1.95395322806
1.99488292505
1.92902083067
2.04135504177
2.03228291877
2.07396679802
1.9759864831
1.98336429902
1.99606014838
1.97196629828
2.00899134374
1.95686860495
1.99139611189
2.00221010219
1.99865598228
2.00662461439
2.00741376632
2.02664868285
2.04065079272
1.99033327138
1.98849835215
1.93897964547
2.03493469615
1.94699773169
2.01870412517
2.10274334773
2.04119030673
2.06660456513
2.03965504824
2.04121908361
1.9656049239
1.97457555512
2.01040316284
2.00111484574
1.95676627592
1.98543220598
1.99913943244
1.96770084521
2.02466449447
2.03041453494
1.99325010608
1.97033361982
2.04944646212
2.037878173
2.03723037346
2.03648345467
1.97980298774
1.99918645009
1.92431962669
2.0939618159
2.01072994035
2.0487281688
2.00629090645
2.02438547324
1.993437846
1.98983971108
1.93239327319
2.06161256784
2.00674749541
2.06087512209
2.03990832567
1.98504739949
1.99935440951
2.03587985361
1.9525289755
1.93386466943
2.00924881022
1.98809364724
1.95906605167
2.04266038667
1.98747825103
1.95915359772
1.99083487592
1.98218194057
2.01032040547
2.00101448345
2.04246648851
2.01542714115
1.96054633775
2.01970221945
2.0349475204
2.02209011005
2.01627122414
2.01400014739
2.06556635731
2.00377779392
2.02594458923
1.97238641127
1.9975334966
2.05508157096
2.03054793977
1.96043063923
1.99946125324
1.98100746973
2.02129073732
1.92990168524
2.02666268256
2.04213834537
2.00934173889
1.96970874231
2.01003356542
2.02972886819
2.00027406224
2.01055875576
2.00263827724
2.01949575073
2.00837900393
1.96415335872
1.98733294311
2.03089090911
2.02367349299
2.0310076681
2.01291352209
1.96981331197
1.99718526366
1.95796609162
1.94000862545
2.03180233413
1.89366773843
1.97094225701
2.02395904957
2.05046689386
1.99821349397
2.00519256487
1.99669259722
2.07643268302
1.99864245606
1.9370551773
1.96875175804
1.99863986602
2.0813677941
2.04969405317
2.06361707769
2.00863757928
2.05993972796
1.98836721628
1.97422417092
2.02254568387
1.96370358205
1.99344740585
2.01962232486
1.96426465538
2.0049953234
1.86132585066
2.02057403084
1.98354897618
2.06841313381
1.95368216382
2.03277854722
1.93301866393
2.03447315875
1.96336459051
1.97653651929
1.97148409911
2.00157155058
2.01337322849
1.99856304193
2.02302940406
1.97570601108
1.98814498442
2.03762641538
2.01871293041
1.98958422127
1.94617833907
1.97488509447
1.96594966152
1.94250018488
2.05062638832
2.00614833715
1.98678813358
1.9955974861
1.9514933464
1.99605957941
1.97134030773
2.04978863077
2.04123087276
1.98202857992
2.04639950772
2.03127158856
1.88275246958
1.99216554884
2.02499588962
2.01511706452
2.04005386959
2.01454819344
2.01481421093
2.00612780744
1.98573591574
2.07809242223
1.993404952
1.96030024989
1.83828795267
2.04023092132
2.00824201868
1.97688457973
2.04269911587
1.97290365554
2.01959296352
2.03776438709
1.95523264424
2.02986748923
2.01824828953
1.97679953435
2.04289355695
2.024547361
2.01598050391
1.98344868838
2.00961591962
2.03269364048
1.97418344469
1.92135772975
1.86680880136
2.01468595228
1.98349143285
1.99279742607
2.01054358606
2.02640789109
1.99812446935
2.04894095288
2.02431069517
1.98403492631
2.03095193485
2.02376349497
1.98074522757
2.02666886875
2.01911676369
2.04928956227
2.00675137381
1.98364123808
1.97157856928
1.95916803179
1.95230630183
2.06593310454
2.00461761102
1.98037749787
2.01267727973
2.05791124641
1.95464946446
1.98467785615
2.00525716488
1.97512724231
2.00148672207
1.98967239293
2.00545048273
1.93036157596
2.00858313362
1.976792753
2.06928060121
2.00858373516
1.96476150609
2.00967786762
2.04385487579
1.98053236844
1.95215836882
2.04382331723
1.96314125818
2.01887211217
1.94618649257
1.95284320897
2.00818076266
1.99435068737
2.00574552263
1.99000383272
2.0203800778
2.00943440382
1.95071074851
2.00468175089
1.98413979452
1.99135655369
1.97527328095
1.96919823206
1.97750619984
1.99970256064
2.0271982414
1.98386680955
2.03962198747
2.00914174819
2.00695254532
2.00211275709
2.01829285904
2.07401221057
1.92100658319
1.99879215332
2.06908460907
2.01671408011
1.93573201121
1.98207238639
1.99421578024
2.01352718324
2.04142478581
1.97455619113
1.9628931898
2.04057332734
1.93393029837
1.97158901188
2.05837784338
1.92108802884
2.01365109883
1.97133623714
1.94508113719
2.05229129415
1.98627188224
2.02535786984
2.03955243745
1.98752013706
2.00786063971
1.95120055239
1.93549688306
2.0052939181
1.98364877136
1.99925685076
2.01091887906
1.93982014817
2.03167452443
1.99011239109
1.98494264196
1.91613880884
2.01215755468
1.99969822348
1.99048915573
1.98987042279
2.00528710052
2.00967091651
2.06364644694
1.96202705366
2.02060859204
2.00469180211
1.95432058878
2.02589655808
1.96917429966
1.93223180585
1.97734716551
2.01320310848
2.02957878942
1.9335993685
2.02462479792
1.97440237262
2.00574106745
2.056831775
1.86769219267
2.03579854366
1.93947683216
1.99292222129
1.98152516241
2.03185560906
1.99139081848
2.07853452718
1.99165145907
1.93617776775
1.97574624201
2.05670876294
2.01644770277
2.00521745443
1.93049174543
2.04490293629
2.02650612969
1.89127338311
2.02866755468
1.97403117495
1.93356350793
2.00694448307
2.02894393371
2.00486984207
1.99711493884
1.91589205296
2.01796412824
1.99949389403
2.00970506966
2.02778739334
1.99052162225
2.01203964277
1.95820858054
2.02482851725
2.02617449891
1.99137243184
2.00043326455
1.99496330894
2.01324547303
2.05355433871
1.91690981627
1.95056529627
2.01894324504
1.96977162966
2.01719372062
2.04990123864
2.0096113875
1.91358884981
1.98747414498
2.01203475655
1.96013948799
1.99059017824
2.03238169243
2.00484854085
2.07600969267
2.01430068439
1.97162543754
1.99366176642
1.94524636234
2.03118557378
2.00507526537
1.94286067888
1.97006205533
1.99378676439
2.01426583256
1.95751797607
2.02832984359
2.01115481778
2.01428526257
2.02758299616
1.99431822319
2.02797134246
2.0710396151
1.99631519194
1.98612736191
1.95782546258
2.02998174922
1.96116241841
1.97527146781
2.03491377389
1.87514651464
2.00905221687
2.00723998801
1.99137020326
1.98115426999
2.03830511075
2.0168809192
1.95249561807
1.96937062285
1.96604400141
1.95829338416
1.93995736597
2.01288225413
2.0429005417
1.90107363795
1.96820610639
1.92725228847
2.03704026801
2.05458876779
1.97190099141
1.95666589779
1.94868081185
1.97577661476
2.03495494529
1.94570302953
1.91964362202
1.96555734834
1.98380083706
1.97028702747
1.99540480315
2.04734798421
2.00872604379
1.90916411128
2.00192344944
2.00764787531
2.02329073664
1.97174188747
2.01566439791
1.98184169869
2.01140775148
2.07242985451
1.9615420053
1.953220849
2.03896072753
2.04377949298
2.02137567144
1.9478524552
1.98974372974
1.91918489353
1.89859444945
1.96479039038
2.02011571747
2.01981310764
2.04352267313
2.04398887186
2.00206658405
1.95248512204
2.00896513115
1.93646125112
2.01910920296
1.9545027385
2.03407103378
1.89401303206
1.96564730463
1.9898505012
1.90403821138
2.03693199801
1.92990734902
2.02876742036
2.08614366666
1.95007001829
2.00054468628
1.94206586261
2.02304895361
1.9142898849
1.97012706848
2.03483988621
1.91837009378
1.97710334436
2.00068084668
1.97298976813
1.94426141194
2.01663335514
2.03966228091
2.03787680587
2.03848357611
1.95965647019
1.98884842655
2.01510158725
2.01135324493
1.98398911261
2.0207040588
1.94461747662
2.00353031079
2.01218658384
1.94466672091
2.01993701222
1.9211503914
1.99182250453
2.03996625641
2.02118707771
1.99043339096
2.02155582339
1.93731333067
1.99226593601
1.93898840412
1.98934199828
2.02302363566
1.96825852813
2.02611277739
2.07163725952
1.92732480092
1.94356783834
2.01317579061
2.00747840646
1.97016704726
2.00386054511
1.95675842476
2.03139053439
1.99804265531
1.97426567821
2.04682105168
1.90290788865
1.9413114091
2.03430885927
2.00695463557
2.03535827195
1.95702385687
2.02344607407
2.01479875425
1.96334055471
2.01648693881
1.9585357608
2.01970695716
1.93222565514
2.00909773173
2.04010631531
2.03166088226
2.02488440217
2.01793403917
1.97348583007
1.9336484732
1.97814007739
1.97448649489
1.94306124178
1.9950819563
2.03400581746
2.00246052813
1.99548055116
1.97194818388
1.9921820439
1.97215237658
2.0233151215
2.04748114949
2.0723886982
1.9049400037
1.99284761621
1.97980668947
1.94043347629
1.98993019826
1.92077830242
1.99613611868
1.98378495275
2.02498166792
1.93253659662
1.94260238918
2.00429836555
2.05571922274
1.98071840982
1.98045306325
1.98204700963
2.03531263445
2.019839969
1.98899776115
2.04413312638
1.98838013399
2.00911340784
2.04769601148
1.99224663803
1.99560799053
1.95741963453
2.03415712058
1.93597992176
2.05480435715
2.02001258907
2.00737726478
1.96374362827
2.02624566165
2.03991866939
1.95439964262
1.95252267685
1.96822566901
2.0014022169
2.01557380798
2.00483966593
2.06808529379
2.03539140702
2.00253401197
2.02591570443
2.06135894167
2.03435194293
2.00977127494
2.00409335379
1.98243224844
1.98620382892
2.0164607807
2.02145809086
1.98416217643
1.98249620799
2.00340270285
1.98930418338
2.04065113861
1.96788232399
2.04252192134
2.07900144457
2.02485758863
2.02732326509
1.95417549695
2.02024295218
1.99768904568
1.92873192328
1.94852711136
1.97070899953
2.02315442173
1.91382997044
1.97728860287
1.94837374982
2.04415243728
2.00453635397
1.99990158149
1.93223180585
2.00879407065
2.00816725253
1.95634319636
1.96963072655
1.96729662809
1.99952856202
1.90796064724
1.95084704036
1.97652662001
2.02347304418
1.97796957122
1.96487237352
2.01770067022
1.9641952114
1.92786902743
1.98258749612
1.95325946874
1.9860065923
1.95148127411
1.94707822896
1.9578634808
1.98462218053
2.00456471674
2.0162136725
1.99480426741
1.97931121135
1.90669058012
2.00709771494
2.04292324356
2.00596631271
1.89701438706
2.04859822915
2.03359678609
2.0265119863
2.03021837476
2.03833079309
1.94870899841
2.00692089519
1.93388241075
1.9667496173
1.98961462134
1.99129611563
1.99440461656
1.96524761817
2.00791431193
1.98667927743
1.99580425858
2.02404980752
2.01720246775
2.03102193533
2.02226443728
2.02332057636
1.96851630515
2.01333514002
1.98064885817
2.00103717014
1.97256670666
1.99975432379
2.00289856537
2.02078623654
2.0045676714
2.01968642779
2.02204064573
1.9718535541
1.95775900654
2.00918758264
1.92626529643
2.07160018336
2.01811776976
2.01333913286
2.02000942636
2.052157187
2.02826983603
2.05324934775
2.00023348225
2.06550368591
2.01081952991
1.98063744529
1.99061988314
1.98626670946
1.97675154779
1.94749985568
1.97465251161
2.04966277543
1.93903351692
2.02998174922
2.01513966322
2.03192854905
2.01189767995
1.97537406279
2.00870046376
2.01909880737
1.99118280365
1.97938377312
1.97274202952
2.00046082467
2.01218566707
2.05146171303
2.03143507179
1.94384858178
2.0032833931
1.92748960076
2.01994554894
1.89713723395
1.98967073421
1.96271802299
2.01221072671
1.95616328242
2.02423787444
1.9888087678
1.99514399514
2.04180753526
2.0074056876
1.9970017794
